000 14382
001 13482
002 14235
003 12453
004 12453
005 12453
006 12453
007 12453
008 12453
009 12453
010 12357
011 13482
012 12357
013 12453
014 12453
015 12357
016 12453
017 12357
018 13482
019 11250
020 12453
021 12357
022 12453
023 12357
024 12453
025 12453
026 12453
027 12453
028 12357
029 12453
030 12357
031 12357
032 12357
033 12453
034 12453
035 12453
036 12453
037 12453
038 12357
039 12453
040 12453
041 12453
042 12453
043 12453
044 12357
045 12453
046 12453
047 12453
048 12453
049 12357
050 12453
051 12453
052 12357
053 12453
054 11453
055 14382
056 12453
057 12453
058 12453
059 12453
060 12357
061 11453
062 12453
063 12453
064 12453
065 12453
066 11453
067 12453
068 12357
069 12453
070 12453
071 12357
072 12357
073 12453
074 12453
075 12453
076 12453
077 12453
078 12453
079 12350
080 12453
081 12453
082 13482
083 14385
084 12453
085 12453
086 12453
087 12453
088 14382
089 12350
090 12453
091 11453
092 12453
093 12357
094 12453
095 12453
096 12453
097 12453
098 12453
099 12354
